4294967279,28
4294967279,27
4294967279,26
4294967278,315
4294967279,25
4294967278,313
4294967278,185
4294967279,24
4294967279,406
4294967278,184
4294967279,405
4294967278,335
4294967279,22
4294967278,334
4294967279,404
4294967278,333
4294967279,20
4294967279,18
4294967279,17
4294967279,16
4294967279,15
4294967279,403
4294967278,176
4294967278,309
4294967294,12
4294967278,173
4294967278,172
17,4
4294967278,171
17,3
17,2
17,1
4294967278,332
4294967278,170
4294967279,402
4294967278,331
4294967294,1019
4294967279,315
4294967278,306
4294967279,11
4294967278,167
4294967294,41
4294967278,166
16,4
4294967278,165
16,3
16,2
16,1
4294967278,303
4294967278,164
4294967294,390
4294967278,302
4294967294,43
4294967294,424
4294967294,45
4294967294,44
4294967279,401
4294967278,301
4294967294,17
4294967294,99
4294967294,76
4294967294,67
4294967294,53
15,5
4294967279,161
15,4
15,3
15,2
15,1
4294967278,330
0,7
4294967294,90
4294967294,86
4294967294,84
4294967294,82
4294967294,42
4294967294,595
4294967294,88
4294967279,400
4294967279,260
4294967279,0
4294967294,5
4294967278,329
4294967294,469
4294967294,186
4294967294,92
4294967294,436
4294967294,1420
4294967294,975
4294967294,1021
4294967294,0
4294967294,107
4294967294,91
4294967294,87
4294967294,85
4294967294,411
4294967294,988
4294967294,29
4294967294,1022
4294967294,28
4294967294,989
4294967294,27
4294967294,991
4294967294,26
4294967294,437
4294967294,96
4294967294,94
4294967294,9
4294967294,8
4294967279,157
4294967294,7
0,5
4294967278,328
4294967278,260
4294967278,0
4294967294,6
4294967294,22
4294967294,93
4294967294,95
4294967294,415
4294967294,50
4294967294,470
4294967294,25
4294967294,428
4294967294,51
4294967294,52
4294967294,81
4294967294,1035
4294967294,83
4294967294,68
4294967294,11
4294967278,132
4294967278,131
4294967278,130
4294967278,129
4294967278,128
4294967278,127
4294967278,126
4294967278,125
4294967278,124
4294967278,123
4294967278,122
4294967278,121
4294967278,120
4294967278,119
4294967278,118
4294967278,117
4294967278,116
4294967278,115
4294967278,114
4294967278,113
4294967278,112
4294967278,111
4294967278,110
4294967278,109
4294967278,108
4294967278,107
4294967278,106
4294967278,105
4294967278,104
4294967278,103
4294967278,102
4294967278,101
4294967278,100
4294967278,99
4294967278,98
4294967278,97
4294967278,96
4294967278,95
4294967278,94
4294967278,93
4294967278,92
4294967278,91
4294967278,90
4294967278,89
4294967278,87
4294967278,86
4294967278,85
4294967278,84
4294967278,83
4294967278,82
4294967278,81
4294967278,80
4294967278,79
4294967278,78
4294967278,77
4294967278,76
4294967278,75
4294967278,74
4294967278,73
4294967278,72
4294967278,71
4294967278,70
4294967278,69
4294967278,68
4294967278,67
4294967278,66
4294967278,65
4294967278,64
4294967278,63
4294967278,62
4294967278,61
4294967278,60
4294967278,59
4294967278,58
4294967278,57
4294967278,56
4294967278,55
4294967278,54
4294967278,53
4294967278,52
4294967278,51
4294967278,50
4294967278,49
4294967279,52
4294967279,50
4294967279,49
4294967279,47
4294967279,43
4294967279,41
4294967279,40
4294967279,306
4294967279,304
4294967279,34
4294967279,32
4294967279,31
4294967279,299
4294967279,138
4294967279,23
4294967279,21
4294967279,19
4294967279,14
4294967279,13
4294967279,12
4294967279,10
4294967279,9
4294967279,8
4294967279,7
4294967279,6
4294967279,5
4294967279,4
4294967279,399
4294967279,398
4294967278,327
14,5
14,4
14,3
14,2
14,1
4294967279,397
13,5
13,4
13,2
13,1
4294967278,326
4294967294,471
4294967278,323
4294967293,131
4294967293,130
4294967293,129
4294967293,128
4294967293,127
4294967293,126
4294967293,125
4294967293,124
4294967293,123
4294967293,122
4294967293,121
4294967293,120
4294967293,119
4294967293,118
4294967293,117
4294967293,116
4294967293,115
4294967293,114
4294967293,113
4294967293,112
4294967293,111
4294967293,110
4294967293,109
4294967293,108
4294967293,107
4294967293,106
4294967293,105
4294967293,104
4294967293,103
